2.23浮点型常量
0000	0000 0000 0000 0000 0000 0101 0011 表示 83L。
1	111 1111 1111 1111 111 1 1111 1010 1101 表示-83L。
C语言中的浮点类型主要分为单精度和双精度两种，以双精度为主。整数也可以用浮点数 来表示，但必须在整数的后面加一个小数点。注意，在数据中，1和1.0是两种不同类型的数, 1是整数，而1.0则是双精度浮点数。
除了十进制数的浮点表示法（如1 234.56)外，浮点数还可采用科学表示法来表示，例如： 1.23456e2, 0.345E-3
2.23浮点型常量
0000	0000 0000 0000 0000 0000 0101 0011 表示 83L。
1	111 1111 1111 1111 111 1 1111 1010 1101 表示-83L。
C语言中的浮点类型主要分为单精度和双精度两种，以双精度为主。整数也可以用浮点数 来表示，但必须在整数的后面加一个小数点。注意，在数据中，1和1.0是两种不同类型的数, 1是整数，而1.0则是双精度浮点数。
除了十进制数的浮点表示法（如1 234.56)外，浮点数还可采用科学表示法来表示，例如： 1.23456e2, 0.345E-3
